{
    "affection": 92.35000000000001,
    "trust": 54.1,
    "familiarity": 16.40000000000001
}