{
    "affection": 68.60000000000001,
    "trust": 40.400000000000006,
    "familiarity": 7.499999999999999
}