{
    "affection": 92.85000000000001,
    "trust": 54.1,
    "familiarity": 16.80000000000001
}