{
    "affection": 91.75000000000001,
    "trust": 54.1,
    "familiarity": 16.000000000000007
}